#  70 angles,  1 tensor ranks for 0=projectile
@subtitle   "40Ca(13C,12C)41Ca @ Ed=40 MeV-68 MeV;"                                         
@legend ON
@legend x1 0.2
@legend y1 0.8
@g0 type LOGY
@yaxis ticklabel format power
@legend string   0 "Lab energy =   40.0000"
#legend string   0 "Partition=  1 Excit=  1 near/far= 1"
#  Theta       sigma       iT11        T20         T21         T22         Kyy for projectile
   1.000       1.000    
   2.000      0.9994    
   3.000       1.000    
   4.000       1.000    
   5.000      0.9983    
   6.000       1.002    
   7.000      0.9984    
   8.000      0.9997    
   9.000       1.006    
   10.00      0.9909    
   11.00      0.9978    
   12.00       1.013    
   13.00       1.005    
   14.00      0.9910    
   15.00      0.9834    
   16.00      0.9885    
   17.00       1.011    
   18.00       1.033    
   19.00       1.034    
   20.00       1.011    
   21.00      0.9808    
   22.00      0.9570    
   23.00      0.9423    
   24.00      0.9391    
   25.00      0.9530    
   26.00      0.9860    
   27.00       1.032    
   28.00       1.078    
   29.00       1.117    
   30.00       1.145    
   31.00       1.165    
   32.00       1.174    
   33.00       1.173    
   34.00       1.157    
   35.00       1.126    
   36.00       1.084    
   37.00       1.035    
   38.00      0.9824    
   39.00      0.9287    
   40.00      0.8730    
   41.00      0.8148    
   42.00      0.7549    
   43.00      0.6952    
   44.00      0.6382    
   45.00      0.5853    
   46.00      0.5366    
   47.00      0.4911    
   48.00      0.4480    
   49.00      0.4070    
   50.00      0.3684    
   51.00      0.3328    
   52.00      0.3006    
   53.00      0.2719    
   54.00      0.2462    
   55.00      0.2229    
   56.00      0.2015    
   57.00      0.1816    
   58.00      0.1633    
   59.00      0.1466    
   60.00      0.1316    
   61.00      0.1185    
   62.00      0.1069    
   63.00      0.9658E-01
   64.00      0.8718E-01
   65.00      0.7847E-01
   66.00      0.7039E-01
   67.00      0.6301E-01
   68.00      0.5644E-01
   69.00      0.5070E-01
   70.00      0.4571E-01
 END
