    0.5+     1 1   2.217       0.000      0.5515E-04   2.217    
    0.5-     0 1   2.217       0.000      0.5955E-04   2.217    
    1.5+     1 1   4.434       0.000      0.1326E-03   4.434    
    1.5-     2 1   4.434       0.000      0.1137E-03   4.434    
    2.5+     3 1   6.651       0.000      0.1841E-03   6.650    
    2.5-     2 1   6.651       0.000      0.2322E-03   6.650    
    3.5+     3 1   8.867       0.000      0.3787E-03   8.867    
    3.5-     4 1   8.867       0.000      0.2776E-03   8.867    
    4.5+     5 1   11.08       0.000      0.4115E-03   11.08    
    4.5-     4 1   11.08       0.000      0.6076E-03   11.08    
    5.5+     5 1   13.30       0.000      0.9820E-03   13.30    
    5.5-     6 1   13.30       0.000      0.6145E-03   13.30    
    6.5+     7 1   15.52       0.000      0.9372E-03   15.52    
    6.5-     6 1   15.52       0.000      0.1621E-02   15.52    
    7.5+     7 1   17.73       0.000      0.2752E-02   17.73    
    7.5-     8 1   17.73       0.000      0.1473E-02   17.73    
    8.5+     9 1   19.95       0.000      0.2399E-02   19.95    
    8.5-     8 1   19.95       0.000      0.4832E-02   19.95    
    9.5+     9 1   22.17       0.000      0.8806E-02   22.16    
    9.5-    10 1   22.17       0.000      0.4067E-02   22.16    
   10.5+    11 1   24.38       0.000      0.7204E-02   24.37    
   10.5-    10 1   24.38       0.000      0.1669E-01   24.37    
   11.5+    11 1   26.60       0.000      0.3296E-01   26.56    
   11.5-    12 1   26.59       0.000      0.1337E-01   26.58    
   12.5+    13 1   28.80       0.000      0.2608E-01   28.78    
   12.5-    12 1   28.81       0.000      0.6768E-01   28.74    
   13.5+    13 1   31.02       0.000      0.1434       30.87    
   13.5-    14 1   31.00       0.000      0.5348E-01   30.95    
   14.5+    15 1   33.17       0.000      0.1151       33.06    
   14.5-    14 1   33.21       0.000      0.3087       32.91    
   15.5+    15 1   35.38       0.000      0.6553       34.73    
   15.5-    16 1   35.28       0.000      0.2583       35.02    
   16.5+    17 1   37.21       0.000      0.5954       36.62    
   16.5-    16 1   37.48       0.000       1.321       36.16    
   17.5+    17 1   39.40       0.000       2.487       36.91    
   17.5-    18 1   38.71       0.000       1.378       37.33    
   18.5+    19 1   39.10       0.000       3.108       35.99    
   18.5-    18 1   40.86       0.000       4.542       36.31    
   19.5+    19 1   41.16       0.000       8.331       32.83    
   19.5-    20 1   37.16       0.000       6.542       30.62    
   20.5+    21 1   31.69       0.000       11.95       19.73    
   20.5-    20 1   39.02       0.000       14.97       24.05    
   21.5+    21 1   33.19       0.000       24.35       8.843    
   21.5-    22 1   23.55       0.000       17.89       5.663    
   22.5+    23 1   15.73       0.000       22.14      -6.407    
   22.5-    22 1   24.62       0.000       33.02      -8.402    
   23.5+    23 1   16.42       0.000       37.13      -20.71    
   23.5-    24 1   10.06       0.000       24.04      -13.98    
   24.5+    25 1   6.414       0.000       24.21      -17.80    
   24.5-    24 1   10.48       0.000       36.34      -25.87    
   25.5+    25 1   6.671       0.000       32.66      -25.98    
   25.5-    26 1   4.135       0.000       23.10      -18.97    
   26.5+    27 1   2.693       0.000       20.97      -18.27    
   26.5-    26 1   4.294       0.000       27.93      -23.64    
   27.5+    27 1   2.793       0.000       23.17      -20.37    
   27.5-    28 1   1.766       0.000       18.25      -16.48    
   28.5+    29 1   1.161       0.000       15.39      -14.23    
   28.5-    28 1   1.829       0.000       18.79      -16.96    
   29.5+    29 1   1.201       0.000       14.96      -13.76    
   29.5-    30 1  0.7649       0.000       12.67      -11.90    
   30.5+    31 1  0.5038       0.000       10.21      -9.710    
   30.5-    30 1  0.7904       0.000       11.72      -10.93    
   31.5+    31 1  0.5201       0.000       9.045      -8.524    
   31.5-    32 1  0.3316       0.000       8.088      -7.757    
   32.5+    33 1  0.2180       0.000       6.302      -6.084    
   32.5-    32 1  0.3420       0.000       6.886      -6.544    
   33.5+    33 1  0.2246       0.000       5.176      -4.951    
   33.5-    34 1  0.1431       0.000       4.839      -4.696    
   34.5+    35 1  0.9378E-01   0.000       3.664      -3.570    
   34.5-    34 1  0.1473       0.000       3.842      -3.695    
   35.5+    35 1  0.9645E-01   0.000       2.822      -2.726    
