# Fusion cross sections for ELAB=  40.000, ECM=  30.189
     0.5   4.434       4.434      0.1147E-03
     1.5   8.867       8.867      0.2463E-03
     2.5   13.30       13.30      0.4163E-03
     3.5   17.73       17.73      0.6563E-03
     4.5   22.17       22.17      0.1019E-02
     5.5   26.60       26.60      0.1596E-02
     6.5   31.03       31.04      0.2558E-02
     7.5   35.46       35.47      0.4225E-02
     8.5   39.89       39.90      0.7231E-02
     9.5   44.32       44.33      0.1287E-01
    10.5   48.74       48.76      0.2390E-01
    11.5   53.15       53.19      0.4634E-01
    12.5   57.52       57.61      0.9375E-01
    13.5   61.82       62.02      0.1969    
    14.5   65.96       66.39      0.4238    
    15.5   69.75       70.66      0.9136    
    16.5   72.78       74.69       1.916    
    17.5   74.24       78.11       3.865    
    18.5   72.31       79.96       7.650    
    19.5   63.45       78.32       14.87    
    20.5   43.78       70.70       26.93    
    21.5   14.51       56.75       42.24    
    22.5  -14.81       40.36       55.17    
    23.5  -34.69       26.48       61.17    
    24.5  -43.66       16.89       60.55    
    25.5  -44.95       10.81       55.76    
    26.5  -41.91       6.987       48.89    
    27.5  -36.86       4.558       41.41    
    28.5  -31.19       2.990       34.18    
    29.5  -25.66       1.966       27.63    
    30.5  -20.64       1.294       21.93    
    31.5  -16.28      0.8517       17.13    
    32.5  -12.63      0.5600       13.19    
    33.5  -9.647      0.3677       10.01    
    34.5  -7.265      0.2411       7.506    
 &
