#  70 angles,  1 tensor ranks for 0=projectile
@subtitle   "40Ca(13C,12C)41Ca @ Ed=40 MeV-68 MeV;"                                         
@legend ON
@legend x1 0.2
@legend y1 0.8
@g0 type LOGY
@yaxis ticklabel format power
@legend string   0 "Lab energy =   40.0000"
#legend string   0 "Partition=  2 Excit=  1 near/far= 1"
#  Theta       sigma       iT11        T20         T21         T22         Kyy for projectile
   1.000      0.8239    
   2.000       2.514    
   3.000       3.989    
   4.000       5.277    
   5.000       7.862    
   6.000       13.13    
   7.000       20.45    
   8.000       27.03    
   9.000       29.88    
   10.00       27.96    
   11.00       22.71    
   12.00       16.63    
   13.00       11.55    
   14.00       8.262    
   15.00       7.069    
   16.00       8.126    
   17.00       10.86    
   18.00       13.67    
   19.00       15.06    
   20.00       15.63    
   21.00       18.60    
   22.00       27.55    
   23.00       42.95    
   24.00       60.99    
   25.00       76.51    
   26.00       87.61    
   27.00       97.46    
   28.00       111.4    
   29.00       131.8    
   30.00       156.1    
   31.00       179.0    
   32.00       197.7    
   33.00       213.5    
   34.00       229.7    
   35.00       247.6    
   36.00       264.8    
   37.00       278.4    
   38.00       287.3    
   39.00       293.8    
   40.00       299.9    
   41.00       305.3    
   42.00       307.2    
   43.00       303.3    
   44.00       294.2    
   45.00       282.6    
   46.00       271.1    
   47.00       259.7    
   48.00       246.6    
   49.00       230.1    
   50.00       210.7    
   51.00       190.3    
   52.00       170.7    
   53.00       152.5    
   54.00       135.3    
   55.00       118.7    
   56.00       102.7    
   57.00       87.69    
   58.00       74.08    
   59.00       62.11    
   60.00       51.95    
   61.00       43.61    
   62.00       36.89    
   63.00       31.40    
   64.00       26.80    
   65.00       23.00    
   66.00       20.10    
   67.00       18.09    
   68.00       16.73    
   69.00       15.61    
   70.00       14.49    
 END
