   1.000       1.483    
   2.000       4.320    
   3.000       6.772    
   4.000       9.167    
   5.000       14.34    
   6.000       24.34    
   7.000       36.98    
   8.000       46.27    
   9.000       47.00    
   10.00       39.12    
   11.00       27.63    
   12.00       18.16    
   13.00       12.91    
   14.00       10.66    
   15.00       10.05    
   16.00       11.65    
   17.00       16.46    
   18.00       23.15    
   19.00       28.33    
   20.00       30.47    
   21.00       32.98    
   22.00       42.10    
   23.00       60.69    
   24.00       84.38    
   25.00       105.0    
   26.00       118.6    
   27.00       129.5    
   28.00       146.3    
   29.00       173.1    
   30.00       205.0    
   31.00       233.1    
   32.00       253.0    
   33.00       268.7    
   34.00       287.6    
   35.00       312.1    
   36.00       336.8    
   37.00       354.5    
   38.00       363.2    
   39.00       367.8    
   40.00       374.0    
   41.00       382.2    
   42.00       386.9    
   43.00       382.9    
   44.00       370.4    
   45.00       354.4    
   46.00       339.8    
   47.00       326.4    
   48.00       310.7    
   49.00       289.6    
   50.00       263.8    
   51.00       237.0    
   52.00       212.1    
   53.00       189.5    
   54.00       167.8    
   55.00       146.0    
   56.00       124.3    
   57.00       104.1    
   58.00       86.20    
   59.00       70.89    
   60.00       58.05    
   61.00       47.44    
   62.00       38.73    
   63.00       31.50    
   64.00       25.51    
   65.00       20.86    
   66.00       17.76    
   67.00       16.08    
   68.00       15.18    
   69.00       14.36    
   70.00       13.37    
