@legend string   0 "Partition=  1 Excit=  1 near/far= 1"
#legend string   0 "Lab energy =   20.4000"
@s0 linestyle   1
#  Theta       sigma       iT11        T20         T21         T22         Kyy for projectile
  0.1000E-01   1.000    
   1.000       1.001    
   2.000      0.9933    
   3.000      0.9933    
   4.000       1.013    
   5.000       1.040    
   6.000       1.057    
   7.000       1.056    
   8.000       1.036    
   9.000       1.001    
   10.00      0.9571    
   11.00      0.9102    
   12.00      0.8661    
   13.00      0.8289    
   14.00      0.8010    
   15.00      0.7831    
   16.00      0.7746    
   17.00      0.7739    
   18.00      0.7788    
   19.00      0.7868    
   20.00      0.7953    
   21.00      0.8021    
   22.00      0.8051    
   23.00      0.8030    
   24.00      0.7948    
   25.00      0.7801    
   26.00      0.7590    
   27.00      0.7320    
   28.00      0.7000    
   29.00      0.6641    
   30.00      0.6255    
   31.00      0.5856    
   32.00      0.5457    
   33.00      0.5070    
   34.00      0.4706    
   35.00      0.4373    
   36.00      0.4079    
   37.00      0.3828    
   38.00      0.3622    
   39.00      0.3462    
   40.00      0.3346    
   41.00      0.3271    
   42.00      0.3234    
   43.00      0.3229    
   44.00      0.3253    
   45.00      0.3299    
   46.00      0.3362    
   47.00      0.3439    
   48.00      0.3524    
   49.00      0.3614    
   50.00      0.3706    
   51.00      0.3798    
   52.00      0.3888    
   53.00      0.3974    
   54.00      0.4055    
   55.00      0.4130    
   56.00      0.4197    
   57.00      0.4256    
   58.00      0.4305    
   59.00      0.4343    
   60.00      0.4369    
   61.00      0.4380    
   62.00      0.4374    
   63.00      0.4351    
   64.00      0.4309    
   65.00      0.4246    
   66.00      0.4161    
   67.00      0.4056    
   68.00      0.3929    
   69.00      0.3782    
   70.00      0.3616    
   71.00      0.3435    
   72.00      0.3242    
   73.00      0.3040    
   74.00      0.2833    
   75.00      0.2627    
   76.00      0.2427    
   77.00      0.2238    
   78.00      0.2064    
   79.00      0.1912    
   80.00      0.1783    
   81.00      0.1684    
   82.00      0.1615    
   83.00      0.1579    
   84.00      0.1577    
   85.00      0.1609    
   86.00      0.1673    
   87.00      0.1767    
   88.00      0.1889    
   89.00      0.2033    
   90.00      0.2195    
   91.00      0.2371    
   92.00      0.2554    
   93.00      0.2738    
   94.00      0.2917    
   95.00      0.3087    
   96.00      0.3241    
   97.00      0.3375    
   98.00      0.3485    
   99.00      0.3566    
   100.0      0.3617    
   101.0      0.3636    
   102.0      0.3622    
   103.0      0.3576    
   104.0      0.3498    
   105.0      0.3391    
   106.0      0.3257    
   107.0      0.3100    
   108.0      0.2924    
   109.0      0.2734    
   110.0      0.2533    
   111.0      0.2329    
   112.0      0.2124    
   113.0      0.1925    
   114.0      0.1735    
   115.0      0.1559    
   116.0      0.1401    
   117.0      0.1264    
   118.0      0.1151    
   119.0      0.1063    
   120.0      0.1001    
   121.0      0.9661E-01
   122.0      0.9580E-01
   123.0      0.9757E-01
   124.0      0.1017    
   125.0      0.1081    
   126.0      0.1164    
   127.0      0.1264    
   128.0      0.1377    
   129.0      0.1499    
   130.0      0.1627    
   131.0      0.1757    
   132.0      0.1886    
   133.0      0.2011    
   134.0      0.2128    
   135.0      0.2235    
   136.0      0.2329    
   137.0      0.2408    
   138.0      0.2472    
   139.0      0.2519    
   140.0      0.2549    
   141.0      0.2562    
   142.0      0.2558    
   143.0      0.2538    
   144.0      0.2503    
   145.0      0.2455    
   146.0      0.2396    
   147.0      0.2327    
   148.0      0.2249    
   149.0      0.2166    
   150.0      0.2079    
   151.0      0.1989    
   152.0      0.1899    
   153.0      0.1808    
   154.0      0.1720    
   155.0      0.1633    
   156.0      0.1550    
   157.0      0.1471    
   158.0      0.1396    
   159.0      0.1324    
   160.0      0.1257    
   161.0      0.1193    
   162.0      0.1132    
   163.0      0.1075    
   164.0      0.1020    
   165.0      0.9682E-01
   166.0      0.9184E-01
   167.0      0.8706E-01
   168.0      0.8248E-01
   169.0      0.7810E-01
   170.0      0.7394E-01
   171.0      0.7001E-01
   172.0      0.6634E-01
   173.0      0.6297E-01
   174.0      0.5994E-01
   175.0      0.5728E-01
   176.0      0.5504E-01
   177.0      0.5326E-01
   178.0      0.5196E-01
   179.0      0.5117E-01
   180.0      0.5091E-01
 END
   16.70      0.7734    
   22.30      0.8051    
   27.70      0.7101    
   32.70      0.5184    
   37.90      0.3640    
   41.50      0.3248    
   47.10      0.3447    
   54.30      0.4078    
   60.10      0.4370    
   63.30      0.4340    
   68.60      0.3843    
   75.80      0.2466    
   79.00      0.1912    
   85.80      0.1658    
   89.50      0.2112    
   92.10      0.2572    
   100.6      0.3633    
   103.3      0.3556    
   108.4      0.2849    
   113.3      0.1867    
   118.1      0.1141    
   123.4      0.9896E-01
   129.4      0.1549    
   133.5      0.2071    
   139.3      0.2530    
   146.3      0.2376    
   151.6      0.1935    
   156.8      0.1487    
   159.9      0.1263    
   165.2      0.9581E-01
 END
