    0.5+     0 1   31.83       0.000    
    0.5-     1 1   30.38       0.000    
    1.5+     2 1   64.23       0.000    
    1.5-     1 1   60.19       0.000    
    2.5+     2 1   97.21       0.000    
    2.5-     3 1   86.40       0.000    
    3.5+     4 1   127.4       0.000    
    3.5-     3 1   114.0       0.000    
    4.5+     4 1   154.5       0.000    
    4.5-     5 1   115.6       0.000    
    5.5+     6 1   107.6       0.000    
    5.5-     5 1   156.7       0.000    
    6.5+     6 1   98.53       0.000    
    6.5-     7 1   39.27       0.000    
    7.5+     8 1   9.174       0.000    
    7.5-     7 1   56.42       0.000    
    8.5+     8 1   11.88       0.000    
    8.5-     9 1   2.178       0.000    
    9.5+    10 1  0.5262       0.000    
    9.5-     9 1   2.540       0.000    
   10.5+    10 1  0.5877       0.000    
   10.5-    11 1  0.1275       0.000    
   11.5+    12 1  0.3081E-01   0.000    
   11.5-    11 1  0.1395       0.000    
   12.5+    12 1  0.3335E-01   0.000    
