# Fusion cross sections for ELAB=  20.400, ECM=  20.218
     0.5   62.21       62.21       0.000    
     1.5   124.4       124.4       0.000    
     2.5   183.6       183.6       0.000    
     3.5   241.4       241.4       0.000    
     4.5   270.1       270.1       0.000    
     5.5   264.3       264.3       0.000    
     6.5   137.8       137.8       0.000    
     7.5   65.60       65.60       0.000    
     8.5   14.06       14.06       0.000    
     9.5   3.066       3.066       0.000    
    10.5  0.7152      0.7152       0.000    
    11.5  0.1704      0.1704       0.000    
 &
