   0.0000000000000000        0.0000000000000000     
  -13.655265000888733       -54.319117676070803     
   85.782787109798321        298.09216845066538     
  -304.62247414506191       -904.40466881441591     
   780.76204489489498        1911.9122864675276     
  -1608.1709258109749       -2903.2726540299163     
   2809.2452799790590        2857.3323860415112     
  -4480.2130771277070       -1025.2291333856601     
   7409.2252356619501       -694.21023295438863     
  -13694.091079691450       -3275.0484418888645     
   24894.400419171667        16062.984405102190     
  -35724.357700399167       -28314.450724487197     
   30655.049215689236        24892.052794055089     
   466.90707165324659       -10597.095068490320     
  -35933.186612367943        4806.8821429871969     
   35241.975149673126        2383.6936992548908     
   860.96592522673086       -27393.279348620454     
  -23938.735095739743        26150.079183839436     
   16730.529721083556        23266.785315063848     
  -7304.2748882964579       -32070.084862032068     
  -2953.7524820099625       -31086.095790053303     
   24315.501099064873        71307.411838726563     
  -25787.112334276677       -55633.617698349881     
  -7339.5181139742854        1790.7189997313003     
   26817.852265553007        53309.651603587969     
   7352.9192632728382       -13467.066257446237     
  -45294.823965899996       -49062.541693095569     
   26856.670578761430        19109.091443411391     
  -10214.800071770340       -1006.9091849228826     
   33211.964299603220        17593.858047743830     
  -34880.735333969045       -22617.646539427900     
   6908.5845911483675        19184.617998280326     
   32505.528926176783        27114.751110863290     
  -35479.482002448683        5209.9716897082035     
  -23616.509040531771       -75637.875413191767     
   21510.841482153744       -38670.970171592089     
   42144.018168922114        127836.81481404169     
  -35084.498459621580       -18231.250884044945     
  -4292.8513117486391       -54149.194714028657     
   6386.6690088454061        21707.861497450249     
