# Elastic channel 
#  theta                   mb/sr                   ratio 
1.000000000000000021e-02 5.742600000000000000e+16 1.000000000000000000e+00
1.000000000000000000e+00 5.726700000000000000e+08 9.971900000000000208e-01
2.000000000000000000e+00 3.628200000000000000e+07 1.010699999999999932e+00
3.000000000000000000e+00 7.313900000000000000e+06 1.031199999999999894e+00
4.000000000000000000e+00 2.318100000000000000e+06 1.032599999999999962e+00
5.000000000000000000e+00 9.267300000000000000e+05 1.007300000000000084e+00
6.000000000000000000e+00 4.263700000000000000e+05 9.604800000000000004e-01
7.000000000000000000e+00 2.162600000000000000e+05 9.019399999999999640e-01
8.000000000000000000e+00 1.184200000000000000e+05 8.419499999999999762e-01
9.000000000000000000e+00 6.932200000000000000e+04 7.887600000000000167e-01
1.000000000000000000e+01 4.316100000000000000e+04 7.477800000000000002e-01
1.100000000000000000e+01 2.847200000000000000e+04 7.214699999999999447e-01
1.200000000000000000e+01 1.979900000000000000e+04 7.097099999999999520e-01
1.300000000000000000e+01 1.440700000000000000e+04 7.104200000000000514e-01
1.400000000000000000e+01 1.087300000000000000e+04 7.201600000000000223e-01
1.500000000000000000e+01 8.430316015000000334e+03 7.347500000000000142e-01
1.600000000000000000e+01 6.656717735000000175e+03 7.498700000000000365e-01
1.700000000000000000e+01 5.313153051999999661e+03 7.614900000000000002e-01
1.800000000000000000e+01 4.261255954999999631e+03 7.662499999999999867e-01
1.900000000000000000e+01 3.418552920000000086e+03 7.617000000000000437e-01
2.000000000000000000e+01 2.734018231000000014e+03 7.464300000000000379e-01
2.100000000000000000e+01 2.174496647999999823e+03 7.201100000000000279e-01
2.200000000000000000e+01 1.717094149999999900e+03 6.834299999999999820e-01
2.300000000000000000e+01 1.344899670000000015e+03 6.379899999999999460e-01
2.400000000000000000e+01 1.044586954000000105e+03 5.860899999999999999e-01
2.500000000000000000e+01 8.050837299999999459e+02 5.305100000000000371e-01
2.600000000000000000e+01 6.168462329999999838e+02 4.742799999999999794e-01
2.700000000000000000e+01 4.714737390000000232e+02 4.204399999999999804e-01
2.800000000000000000e+01 3.615097489999999993e+02 3.718099999999999739e-01
2.900000000000000000e+01 2.803411800000000085e+02 3.308200000000000029e-01
3.000000000000000000e+01 2.221446789999999964e+02 2.993100000000000205e-01
3.100000000000000000e+01 1.818514830000000018e+02 2.785000000000000253e-01
3.200000000000000000e+01 1.551154510000000073e+02 2.688499999999999779e-01
3.300000000000000000e+01 1.382767159999999933e+02 2.701600000000000112e-01
3.400000000000000000e+01 1.283180389999999989e+02 2.815400000000000125e-01
3.500000000000000000e+01 1.228136149999999986e+02 3.015200000000000102e-01
3.600000000000000000e+01 1.198715069999999940e+02 3.282100000000000017e-01
3.700000000000000000e+01 1.180716680000000025e+02 3.593799999999999772e-01
3.800000000000000000e+01 1.164017170000000050e+02 3.926700000000000190e-01
3.900000000000000000e+01 1.141926370000000048e+02 4.257199999999999873e-01
4.000000000000000000e+01 1.110563609999999954e+02 4.563099999999999934e-01
4.100000000000000000e+01 1.068269020000000040e+02 4.824899999999999745e-01
4.200000000000000000e+01 1.015063399999999945e+02 5.027099999999999902e-01
4.300000000000000000e+01 9.521661199999999781e+01 5.158500000000000307e-01
4.400000000000000000e+01 8.815769899999999382e+01 5.212799999999999656e-01
4.500000000000000000e+01 8.057248500000000035e+01 5.188599999999999879e-01
4.600000000000000000e+01 7.271824999999999761e+01 5.089299999999999935e-01
4.700000000000000000e+01 6.484455199999999309e+01 4.922400000000000109e-01
4.800000000000000000e+01 5.717704400000000220e+01 4.698700000000000099e-01
4.900000000000000000e+01 4.990660900000000311e+01 4.431700000000000084e-01
5.000000000000000000e+01 4.318314999999999770e+01 4.136299999999999977e-01
5.100000000000000000e+01 3.711325699999999728e+01 3.827999999999999736e-01
5.200000000000000000e+01 3.176102600000000109e+01 3.521799999999999931e-01
5.300000000000000000e+01 2.715125600000000006e+01 3.231499999999999928e-01
5.400000000000000000e+01 2.327435699999999841e+01 2.968700000000000228e-01
5.500000000000000000e+01 2.009232899999999944e+01 2.742600000000000038e-01
5.600000000000000000e+01 1.754525299999999888e+01 2.559199999999999808e-01
5.700000000000000000e+01 1.555785599999999924e+01 2.421599999999999864e-01
5.800000000000000000e+01 1.404575200000000024e+01 2.329900000000000027e-01
5.900000000000000000e+01 1.292110399999999970e+01 2.281199999999999894e-01
6.000000000000000000e+01 1.209748300000000043e+01 2.270300000000000096e-01
6.100000000000000000e+01 1.149383899999999947e+01 2.290099999999999913e-01
6.200000000000000000e+01 1.103750699999999973e+01 2.331999999999999906e-01
6.300000000000000000e+01 1.066627500000000062e+01 2.386999999999999955e-01
6.400000000000000000e+01 1.032955600000000018e+01 2.445799999999999919e-01
6.500000000000000000e+01 9.988773999999999376e+00 2.499699999999999978e-01
6.600000000000000000e+01 9.617060000000000386e+00 2.540899999999999825e-01
6.700000000000000000e+01 9.198401999999999745e+00 2.563199999999999923e-01
6.800000000000000000e+01 8.726376999999999384e+00 2.561999999999999833e-01
6.900000000000000000e+01 8.202609999999999957e+00 2.535000000000000031e-01
7.000000000000000000e+01 7.635068000000000410e+00 2.481299999999999895e-01
7.100000000000000000e+01 7.036321000000000048e+00 2.402499999999999913e-01
7.200000000000000000e+01 6.421846999999999639e+00 2.301700000000000135e-01
7.300000000000000000e+01 5.808476999999999890e+00 2.183299999999999963e-01
7.400000000000000000e+01 5.213021000000000349e+00 2.053300000000000125e-01
7.500000000000000000e+01 4.651124000000000258e+00 1.917999999999999983e-01
7.600000000000000000e+01 4.136371999999999716e+00 1.784399999999999875e-01
7.700000000000000000e+01 3.679654000000000202e+00 1.659200000000000119e-01
7.800000000000000000e+01 3.288762999999999881e+00 1.548899999999999999e-01
7.900000000000000000e+01 2.968236000000000097e+00 1.459000000000000019e-01
8.000000000000000000e+01 2.719389000000000056e+00 1.393899999999999861e-01
8.100000000000000000e+01 2.540518000000000054e+00 1.357099999999999973e-01
8.200000000000000000e+01 2.427239000000000146e+00 1.350200000000000011e-01
8.300000000000000000e+01 2.372921999999999976e+00 1.373600000000000099e-01
8.400000000000000000e+01 2.369187999999999850e+00 1.426099999999999868e-01
8.500000000000000000e+01 2.406428000000000011e+00 1.505299999999999971e-01
8.600000000000000000e+01 2.474334999999999951e+00 1.607300000000000118e-01
8.700000000000000000e+01 2.562399000000000093e+00 1.727400000000000047e-01
8.800000000000000000e+01 2.660360999999999976e+00 1.860100000000000087e-01
8.900000000000000000e+01 2.758614000000000122e+00 1.999100000000000044e-01
9.000000000000000000e+01 2.848523000000000138e+00 2.138299999999999923e-01
9.100000000000000000e+01 2.922679000000000027e+00 2.271199999999999886e-01
9.200000000000000000e+01 2.975074000000000218e+00 2.391900000000000137e-01
9.300000000000000000e+01 3.001198000000000032e+00 2.494899999999999896e-01
9.400000000000000000e+01 2.998073000000000210e+00 2.575500000000000012e-01
9.500000000000000000e+01 2.964215999999999962e+00 2.629900000000000015e-01
9.600000000000000000e+01 2.899553000000000047e+00 2.655399999999999983e-01
9.700000000000000000e+01 2.805290999999999979e+00 2.650399999999999978e-01
9.800000000000000000e+01 2.683743000000000212e+00 2.614400000000000057e-01
9.900000000000000000e+01 2.538148000000000071e+00 2.548000000000000265e-01
1.000000000000000000e+02 2.372456000000000120e+00 2.453100000000000003e-01
1.010000000000000000e+02 2.191123999999999850e+00 2.332400000000000029e-01
1.020000000000000000e+02 1.998906999999999989e+00 2.189300000000000135e-01
1.030000000000000000e+02 1.800661000000000067e+00 2.028200000000000003e-01
1.040000000000000000e+02 1.601159999999999917e+00 1.853799999999999892e-01
1.050000000000000000e+02 1.404938999999999938e+00 1.671199999999999908e-01
1.060000000000000000e+02 1.216158999999999990e+00 1.485599999999999976e-01
1.070000000000000000e+02 1.038494999999999946e+00 1.302000000000000102e-01
1.080000000000000000e+02 8.750580000000000025e-01 1.125599999999999934e-01
1.090000000000000000e+02 7.283389999999999587e-01 9.606900000000000162e-02
1.100000000000000000e+02 6.001849999999999685e-01 8.114300000000000679e-02
1.110000000000000000e+02 4.917909999999999782e-01 6.811799999999999800e-02
1.120000000000000000e+02 4.037240000000000273e-01 5.726500000000000340e-02
1.130000000000000000e+02 3.359559999999999769e-01 4.877700000000000091e-02
1.140000000000000000e+02 2.879240000000000133e-01 4.277100000000000346e-02
1.150000000000000000e+02 2.585890000000000133e-01 3.928600000000000148e-02
1.160000000000000000e+02 2.465130000000000099e-01 3.828499999999999959e-02
1.170000000000000000e+02 2.499369999999999925e-01 3.966399999999999787e-02
1.180000000000000000e+02 2.668630000000000169e-01 4.325699999999999684e-02
1.190000000000000000e+02 2.951329999999999787e-01 4.884299999999999753e-02
1.200000000000000000e+02 3.325049999999999950e-01 5.616000000000000159e-02
1.210000000000000000e+02 3.767209999999999726e-01 6.490999999999999548e-02
1.220000000000000000e+02 4.255780000000000118e-01 7.477599999999999525e-02
1.230000000000000000e+02 4.769740000000000091e-01 8.542700000000000293e-02
1.240000000000000000e+02 5.289599999999999858e-01 9.653100000000000569e-02
1.250000000000000000e+02 5.797719999999999541e-01 1.077700000000000047e-01
1.260000000000000000e+02 6.278629999999999489e-01 1.188199999999999951e-01
1.270000000000000000e+02 6.719140000000000112e-01 1.294099999999999973e-01
1.280000000000000000e+02 7.108480000000000354e-01 1.392899999999999971e-01
1.290000000000000000e+02 7.438280000000000447e-01 1.482300000000000006e-01
1.300000000000000000e+02 7.702539999999999942e-01 1.560400000000000120e-01
1.310000000000000000e+02 7.897469999999999768e-01 1.625900000000000123e-01
1.320000000000000000e+02 8.021380000000000177e-01 1.677500000000000102e-01
1.330000000000000000e+02 8.074400000000000466e-01 1.714799999999999935e-01
1.340000000000000000e+02 8.058359999999999967e-01 1.737200000000000133e-01
1.350000000000000000e+02 7.976429999999999909e-01 1.744900000000000062e-01
1.360000000000000000e+02 7.832980000000000498e-01 1.738200000000000023e-01
1.370000000000000000e+02 7.633280000000000065e-01 1.717599999999999960e-01
1.380000000000000000e+02 7.383300000000000418e-01 1.684100000000000041e-01
1.390000000000000000e+02 7.089459999999999651e-01 1.638600000000000056e-01
1.400000000000000000e+02 6.758499999999999508e-01 1.582300000000000095e-01
1.410000000000000000e+02 6.397279999999999633e-01 1.516699999999999993e-01
1.420000000000000000e+02 6.012650000000000494e-01 1.443000000000000116e-01
1.430000000000000000e+02 5.611380000000000257e-01 1.362700000000000022e-01
1.440000000000000000e+02 5.200010000000000465e-01 1.277399999999999924e-01
1.450000000000000000e+02 4.784860000000000224e-01 1.188599999999999934e-01
1.460000000000000000e+02 4.371979999999999755e-01 1.097899999999999987e-01
1.470000000000000000e+02 3.967100000000000071e-01 1.006800000000000056e-01
1.480000000000000000e+02 3.575659999999999950e-01 9.167000000000000148e-02
1.490000000000000000e+02 3.202800000000000091e-01 8.292299999999999671e-02
1.500000000000000000e+02 2.853350000000000053e-01 7.458199999999999552e-02
1.510000000000000000e+02 2.531860000000000221e-01 6.679000000000000214e-02
1.520000000000000000e+02 2.242540000000000089e-01 5.968500000000000194e-02
1.530000000000000000e+02 1.989319999999999977e-01 5.339900000000000202e-02
1.540000000000000000e+02 1.775750000000000106e-01 4.805999999999999855e-02
1.550000000000000000e+02 1.604970000000000008e-01 4.378200000000000147e-02
1.560000000000000000e+02 1.479709999999999914e-01 4.067199999999999982e-02
1.570000000000000000e+02 1.402150000000000063e-01 3.882100000000000134e-02
1.580000000000000000e+02 1.373910000000000131e-01 3.830399999999999777e-02
1.590000000000000000e+02 1.395899999999999919e-01 3.917600000000000249e-02
1.600000000000000000e+02 1.468319999999999903e-01 4.146999999999999992e-02
1.610000000000000000e+02 1.590540000000000009e-01 4.519200000000000300e-02
1.620000000000000000e+02 1.761030000000000095e-01 5.032099999999999768e-02
1.630000000000000000e+02 1.977349999999999941e-01 5.680700000000000333e-02
1.640000000000000000e+02 2.236110000000000042e-01 6.456699999999999939e-02
1.650000000000000000e+02 2.532949999999999924e-01 7.348599999999999577e-02
1.660000000000000000e+02 2.862629999999999897e-01 8.342099999999999516e-02
1.670000000000000000e+02 3.219020000000000215e-01 9.419500000000000095e-02
1.680000000000000000e+02 3.595240000000000102e-01 1.056099999999999955e-01
1.690000000000000000e+02 3.983769999999999811e-01 1.174300000000000066e-01
1.700000000000000000e+02 4.376619999999999955e-01 1.294299999999999895e-01
1.710000000000000000e+02 4.765480000000000271e-01 1.413300000000000112e-01
1.720000000000000000e+02 5.141919999999999824e-01 1.529000000000000081e-01
1.730000000000000000e+02 5.497630000000000017e-01 1.638499999999999956e-01
1.740000000000000000e+02 5.824610000000000065e-01 1.739400000000000113e-01
1.750000000000000000e+02 6.115380000000000260e-01 1.829300000000000093e-01
1.760000000000000000e+02 6.363229999999999720e-01 1.905999999999999917e-01
1.770000000000000000e+02 6.562360000000000415e-01 1.967800000000000105e-01
1.780000000000000000e+02 6.708070000000000421e-01 2.013000000000000067e-01
1.790000000000000000e+02 6.796910000000000451e-01 2.040599999999999914e-01
1.799900000000000091e+02 6.826750000000000318e-01 2.049799999999999955e-01


# DWBA 
#  theta                   mb/sr   
0.000000000000000000e+00 3.890999999999999659e+01
1.000000000000000000e+00 3.927000000000000313e+01
2.000000000000000000e+00 4.034000000000000341e+01
3.000000000000000000e+00 4.202000000000000313e+01
4.000000000000000000e+00 4.420000000000000284e+01
5.000000000000000000e+00 4.671999999999999886e+01
6.000000000000000000e+00 4.938000000000000256e+01
7.000000000000000000e+00 5.197999999999999687e+01
8.000000000000000000e+00 5.432999999999999829e+01
9.000000000000000000e+00 5.624000000000000199e+01
1.000000000000000000e+01 5.754999999999999716e+01
1.100000000000000000e+01 5.815999999999999659e+01
1.200000000000000000e+01 5.797999999999999687e+01
1.300000000000000000e+01 5.699000000000000199e+01
1.400000000000000000e+01 5.518999999999999773e+01
1.500000000000000000e+01 5.267000000000000171e+01
1.600000000000000000e+01 4.950000000000000000e+01
1.700000000000000000e+01 4.581000000000000227e+01
1.800000000000000000e+01 4.175999999999999801e+01
1.900000000000000000e+01 3.749000000000000199e+01
2.000000000000000000e+01 3.314999999999999858e+01
2.100000000000000000e+01 2.889999999999999858e+01
2.200000000000000000e+01 2.485000000000000142e+01
2.300000000000000000e+01 2.112000000000000099e+01
2.400000000000000000e+01 1.778000000000000114e+01
2.500000000000000000e+01 1.490000000000000036e+01
2.600000000000000000e+01 1.250000000000000000e+01
2.700000000000000000e+01 1.057000000000000028e+01
2.800000000000000000e+01 9.119999999999999218e+00
2.900000000000000000e+01 8.095000000000000639e+00
3.000000000000000000e+01 7.451999999999999957e+00
3.100000000000000000e+01 7.134000000000000341e+00
3.200000000000000000e+01 7.075999999999999623e+00
3.300000000000000000e+01 7.216999999999999638e+00
3.400000000000000000e+01 7.493999999999999773e+00
3.500000000000000000e+01 7.849999999999999645e+00
3.600000000000000000e+01 8.234999999999999432e+00
3.700000000000000000e+01 8.606999999999999318e+00
3.800000000000000000e+01 8.930999999999999162e+00
3.900000000000000000e+01 9.182000000000000384e+00
4.000000000000000000e+01 9.342999999999999972e+00
4.100000000000000000e+01 9.403000000000000469e+00
4.200000000000000000e+01 9.358999999999999986e+00
4.300000000000000000e+01 9.212999999999999190e+00
4.400000000000000000e+01 8.974000000000000199e+00
4.500000000000000000e+01 8.650000000000000355e+00
4.600000000000000000e+01 8.255000000000000782e+00
4.700000000000000000e+01 7.802999999999999936e+00
4.800000000000000000e+01 7.309999999999999609e+00
4.900000000000000000e+01 6.790000000000000036e+00
5.000000000000000000e+01 6.256999999999999673e+00
5.100000000000000000e+01 5.724999999999999645e+00
5.200000000000000000e+01 5.205000000000000071e+00
5.300000000000000000e+01 4.706000000000000405e+00
5.400000000000000000e+01 4.235999999999999766e+00
5.500000000000000000e+01 3.802000000000000046e+00
5.600000000000000000e+01 3.407000000000000028e+00
5.700000000000000000e+01 3.052999999999999936e+00
5.800000000000000000e+01 2.741000000000000103e+00
5.900000000000000000e+01 2.471000000000000085e+00
6.000000000000000000e+01 2.238999999999999879e+00
6.100000000000000000e+01 2.044000000000000039e+00
6.200000000000000000e+01 1.881000000000000005e+00
6.300000000000000000e+01 1.747000000000000108e+00
6.400000000000000000e+01 1.635999999999999899e+00
6.500000000000000000e+01 1.546000000000000041e+00
6.600000000000000000e+01 1.471999999999999975e+00
6.700000000000000000e+01 1.411000000000000032e+00
6.800000000000000000e+01 1.358000000000000096e+00
6.900000000000000000e+01 1.312000000000000055e+00
7.000000000000000000e+01 1.270000000000000018e+00
7.100000000000000000e+01 1.231000000000000094e+00
7.200000000000000000e+01 1.193999999999999950e+00
7.300000000000000000e+01 1.159000000000000030e+00
7.400000000000000000e+01 1.124000000000000110e+00
7.500000000000000000e+01 1.090999999999999970e+00
7.600000000000000000e+01 1.060999999999999943e+00
7.700000000000000000e+01 1.032000000000000028e+00
7.800000000000000000e+01 1.006999999999999895e+00
7.900000000000000000e+01 9.849999999999999867e-01
8.000000000000000000e+01 9.674000000000000377e-01
8.100000000000000000e+01 9.544000000000000261e-01
8.200000000000000000e+01 9.463000000000000300e-01
8.300000000000000000e+01 9.431000000000000494e-01
8.400000000000000000e+01 9.449999999999999512e-01
8.500000000000000000e+01 9.516999999999999904e-01
8.600000000000000000e+01 9.628999999999999782e-01
8.700000000000000000e+01 9.779999999999999805e-01
8.800000000000000000e+01 9.966000000000000414e-01
8.900000000000000000e+01 1.018000000000000016e+00
9.000000000000000000e+01 1.040999999999999925e+00
9.100000000000000000e+01 1.064999999999999947e+00
9.200000000000000000e+01 1.088999999999999968e+00
9.300000000000000000e+01 1.112000000000000099e+00
9.400000000000000000e+01 1.133000000000000007e+00
9.500000000000000000e+01 1.151000000000000023e+00
9.600000000000000000e+01 1.165999999999999925e+00
9.700000000000000000e+01 1.177000000000000046e+00
9.800000000000000000e+01 1.183000000000000052e+00
9.900000000000000000e+01 1.183999999999999941e+00
1.000000000000000000e+02 1.179000000000000048e+00
1.010000000000000000e+02 1.167999999999999927e+00
1.020000000000000000e+02 1.151999999999999913e+00
1.030000000000000000e+02 1.131000000000000005e+00
1.040000000000000000e+02 1.104000000000000092e+00
1.050000000000000000e+02 1.070999999999999952e+00
1.060000000000000000e+02 1.034999999999999920e+00
1.070000000000000000e+02 9.940999999999999837e-01
1.080000000000000000e+02 9.499999999999999556e-01
1.090000000000000000e+02 9.030000000000000249e-01
1.100000000000000000e+02 8.539999999999999813e-01
1.110000000000000000e+02 8.035999999999999810e-01
1.120000000000000000e+02 7.524999999999999467e-01
1.130000000000000000e+02 7.013000000000000345e-01
1.140000000000000000e+02 6.508000000000000451e-01
1.150000000000000000e+02 6.014000000000000457e-01
1.160000000000000000e+02 5.538999999999999480e-01
1.170000000000000000e+02 5.084999999999999520e-01
1.180000000000000000e+02 4.658999999999999808e-01
1.190000000000000000e+02 4.264000000000000012e-01
1.200000000000000000e+02 3.901999999999999913e-01
1.210000000000000000e+02 3.575999999999999734e-01
1.220000000000000000e+02 3.287999999999999812e-01
1.230000000000000000e+02 3.039000000000000035e-01
1.240000000000000000e+02 2.828999999999999848e-01
1.250000000000000000e+02 2.659000000000000252e-01
1.260000000000000000e+02 2.526999999999999802e-01
1.270000000000000000e+02 2.431999999999999995e-01
1.280000000000000000e+02 2.371999999999999942e-01
1.290000000000000000e+02 2.343999999999999972e-01
1.300000000000000000e+02 2.346000000000000030e-01
1.310000000000000000e+02 2.373999999999999999e-01
1.320000000000000000e+02 2.426000000000000101e-01
1.330000000000000000e+02 2.497000000000000053e-01
1.340000000000000000e+02 2.585000000000000075e-01
1.350000000000000000e+02 2.685000000000000164e-01
1.360000000000000000e+02 2.796000000000000152e-01
1.370000000000000000e+02 2.913000000000000034e-01
1.380000000000000000e+02 3.034999999999999920e-01
1.390000000000000000e+02 3.160000000000000031e-01
1.400000000000000000e+02 3.284000000000000252e-01
1.410000000000000000e+02 3.405000000000000249e-01
1.420000000000000000e+02 3.523000000000000020e-01
1.430000000000000000e+02 3.634999999999999898e-01
1.440000000000000000e+02 3.739999999999999991e-01
1.450000000000000000e+02 3.836999999999999855e-01
1.460000000000000000e+02 3.926000000000000045e-01
1.470000000000000000e+02 4.005000000000000226e-01
1.480000000000000000e+02 4.074999999999999734e-01
1.490000000000000000e+02 4.136000000000000232e-01
1.500000000000000000e+02 4.188000000000000056e-01
1.510000000000000000e+02 4.233999999999999986e-01
1.520000000000000000e+02 4.274000000000000021e-01
1.530000000000000000e+02 4.309999999999999942e-01
1.540000000000000000e+02 4.344000000000000083e-01
1.550000000000000000e+02 4.376999999999999780e-01
1.560000000000000000e+02 4.413000000000000256e-01
1.570000000000000000e+02 4.451999999999999846e-01
1.580000000000000000e+02 4.495999999999999996e-01
1.590000000000000000e+02 4.547999999999999821e-01
1.600000000000000000e+02 4.607999999999999874e-01
1.610000000000000000e+02 4.677999999999999936e-01
1.620000000000000000e+02 4.758000000000000007e-01
1.630000000000000000e+02 4.848999999999999977e-01
1.640000000000000000e+02 4.949999999999999956e-01
1.650000000000000000e+02 5.060000000000000053e-01
1.660000000000000000e+02 5.179000000000000270e-01
1.670000000000000000e+02 5.304999999999999716e-01
1.680000000000000000e+02 5.435999999999999721e-01
1.690000000000000000e+02 5.568999999999999506e-01
1.700000000000000000e+02 5.701000000000000512e-01
1.710000000000000000e+02 5.832000000000000517e-01
1.720000000000000000e+02 5.956000000000000183e-01
1.730000000000000000e+02 6.072999999999999510e-01
1.740000000000000000e+02 6.179000000000000048e-01
1.750000000000000000e+02 6.271999999999999797e-01
1.760000000000000000e+02 6.350999999999999979e-01
1.770000000000000000e+02 6.413999999999999702e-01
1.780000000000000000e+02 6.460000000000000187e-01
1.790000000000000000e+02 6.487000000000000544e-01
1.800000000000000000e+02 6.497000000000000552e-01
